fileName imageWidth imageHeight 
camera matrix K [3x3]
radial distortion [3x1]
tangential distortion [2x1]
camera position t [3x1]
camera rotation R [3x3]
camera model m = K [R|-Rt] X

100_0154_0001.JPG 5472 3648
3645.27507924946530692978 0 2740.95811972941282874672
0 3645.27507924946530692978 1828.18039393909225509560
0 0 1
-0.26900879643174169242 0.11320751886913975326 -0.03404650269839963606
0.00050770898889723293 0.00010892524490220849
-174.57664236239602928435 -2178.73452109197660320206 12.00622346204020196581
-0.98736742657348730567 0.15805580173177821712 0.01113231694545440374
0.15818264751180619032 0.98734151337635123191 0.01161834712220725062
-0.00915505149111158628 0.01323251686646377719 -0.99987053438411410689
100_0154_0002.JPG 5472 3648
3645.27507924946530692978 0 2740.95811972941282874672
0 3645.27507924946530692978 1828.18039393909225509560
0 0 1
-0.26900879643174169242 0.11320751886913975326 -0.03404650269839963606
0.00050770898889723293 0.00010892524490220849
-174.97246754966207049620 -2184.12382123742736439453 11.96692361134910420617
-0.99285461268994057438 0.11865683339098923033 0.01265993483123744809
0.11876087717012187572 0.99289218844753046600 0.00780744347765333427
-0.01164354388025299128 0.00925516123557844177 -0.99988937881968320553
100_0154_0003.JPG 5472 3648
3645.27507924946530692978 0 2740.95811972941282874672
0 3645.27507924946530692978 1828.18039393909225509560
0 0 1
-0.26900879643174169242 0.11320751886913975326 -0.03404650269839963606
0.00050770898889723293 0.00010892524490220849
-176.79396218693358378005 -2198.23679320664177794242 11.94255610947108081632
-0.99325970318703737938 0.11503953380497493331 0.01417983380482936741
0.11512541662007776122 0.99333631766898056181 0.00539429771922911479
-0.01346478640202197763 0.00699039782588846675 -0.99988491030987347585
100_0154_0004.JPG 5472 3648
3645.27507924946530692978 0 2740.95811972941282874672
0 3645.27507924946530692978 1828.18039393909225509560
0 0 1
-0.26900879643174169242 0.11320751886913975326 -0.03404650269839963606
0.00050770898889723293 0.00010892524490220849
-179.60777299011269292350 -2220.44249542181296419585 11.89003746355960799974
-0.99259456563374026672 0.12068217814651695241 0.01385063724810884321
0.12073078322013906793 0.99268154525509388897 0.00272537942507873870
-0.01342036726092624491 0.00437739508968537552 -0.99990036111345148573
100_0154_0005.JPG 5472 3648
3645.27507924946530692978 0 2740.95811972941282874672
0 3645.27507924946530692978 1828.18039393909225509560
0 0 1
-0.26900879643174169242 0.11320751886913975326 -0.03404650269839963606
0.00050770898889723293 0.00010892524490220849
-182.03515897790947519752 -2244.43882564052410089062 11.86902017982732182588
-0.99337971749583287018 0.11399075586118825876 0.01424234693069832518
0.11400578084411479296 0.99348005614713219558 0.00024489184319195903
-0.01412157222206741544 0.00186698047289410632 -0.99989854264414790297
100_0154_0006.JPG 5472 3648
3645.27507924946530692978 0 2740.95811972941282874672
0 3645.27507924946530692978 1828.18039393909225509560
0 0 1
-0.26900879643174169242 0.11320751886913975326 -0.03404650269839963606
0.00050770898889723293 0.00010892524490220849
-184.79187257548466050139 -2268.04161867224365778384 11.89740705143288401757
-0.99425460653729946792 0.10598745426230631039 0.01498121885412540856
0.10595153796696465953 0.99436623103124111012 -0.00317335581986255815
-0.01523315403304655556 -0.00156784046386602245 -0.99988273957223872124
100_0154_0007.JPG 5472 3648
3645.27507924946530692978 0 2740.95811972941282874672
0 3645.27507924946530692978 1828.18039393909225509560
0 0 1
-0.26900879643174169242 0.11320751886913975326 -0.03404650269839963606
0.00050770898889723293 0.00010892524490220849
-187.56199394631272525658 -2292.12644257355395893683 11.89894734477983639920
-0.99427701044177696499 0.10573403944949098798 0.01528199622614541744
0.10566108437498215877 0.99438694952532202809 -0.00550725543511156913
-0.01577852197340873577 -0.00386102517709304826 -0.99986805665993572223
100_0154_0008.JPG 5472 3648
3645.27507924946530692978 0 2740.95811972941282874672
0 3645.27507924946530692978 1828.18039393909225509560
0 0 1
-0.26900879643174169242 0.11320751886913975326 -0.03404650269839963606
0.00050770898889723293 0.00010892524490220849
-190.21309752272736659506 -2315.97601080907270443277 11.89823674204590808756
-0.99437160284421111101 0.10482931605274821429 0.01536001148917593220
0.10473057312435733734 0.99447528718913247303 -0.00710001571378516584
-0.01601944162816647255 -0.00545139119907753125 -0.99985681966165362855
100_0154_0009.JPG 5472 3648
3645.27507924946530692978 0 2740.95811972941282874672
0 3645.27507924946530692978 1828.18039393909225509560
0 0 1
-0.26900879643174169242 0.11320751886913975326 -0.03404650269839963606
0.00050770898889723293 0.00010892524490220849
-193.05929987400091363270 -2340.00058043771923621534 11.91128148479885595634
-0.99450829120772854530 0.10345249537992021183 0.01583792659256856236
0.10331579823470006529 0.99460586180604637629 -0.00922092707804791391
-0.01670642254376288743 -0.00753398040344669707 -0.99983205318946932749
100_0154_0010.JPG 5472 3648
3645.27507924946530692978 0 2740.95811972941282874672
0 3645.27507924946530692978 1828.18039393909225509560
0 0 1
-0.26900879643174169242 0.11320751886913975326 -0.03404650269839963606
0.00050770898889723293 0.00010892524490220849
-195.85370501469432724662 -2363.83542464267657123855 11.91316442332760239253
-0.99500090305861799145 0.09851384778232533113 0.01637756720808913879
0.09835529747978878634 0.99509886454164075964 -0.01022180246333708430
-0.01730428762465809761 -0.00855988218716036316 -0.99981362765604719911
100_0154_0011.JPG 5472 3648
3645.27507924946530692978 0 2740.95811972941282874672
0 3645.27507924946530692978 1828.18039393909225509560
0 0 1
-0.26900879643174169242 0.11320751886913975326 -0.03404650269839963606
0.00050770898889723293 0.00010892524490220849
-198.72210001066139284376 -2387.91872640233623314998 11.93957244408873741293
-0.99537020954749200197 0.09461994814855224922 0.01688820173219161488
0.09445101591897105131 0.99547374768908292175 -0.01053675726806988996
-0.01780874889643270509 -0.00889286647921976037 -0.99980186306514085004
100_0154_0012.JPG 5472 3648
3645.27507924946530692978 0 2740.95811972941282874672
0 3645.27507924946530692978 1828.18039393909225509560
0 0 1
-0.26900879643174169242 0.11320751886913975326 -0.03404650269839963606
0.00050770898889723293 0.00010892524490220849
-201.40721602017967484244 -2411.53770105102830711985 11.89646491049636978232
-0.99521242802294729302 0.09623408312083468752 0.01706529679092445850
0.09605215971645697515 0.99531351954214886124 -0.01117946467523715098
-0.01806116614380956845 -0.00948678357046891726 -0.99979187594969631814
100_0154_0013.JPG 5472 3648
3645.27507924946530692978 0 2740.95811972941282874672
0 3645.27507924946530692978 1828.18039393909225509560
0 0 1
-0.26900879643174169242 0.11320751886913975326 -0.03404650269839963606
0.00050770898889723293 0.00010892524490220849
-204.26999911849370050732 -2435.77415454413312545512 11.90888247314816617006
-0.99482213692482857059 0.10023133984924734174 0.01681054420125222340
0.10004913230567344384 0.99491772870369488135 -0.01135271932018296764
-0.01786300672337730669 -0.00961205613309075273 -0.99979423951515888902
100_0154_0014.JPG 5472 3648
3645.27507924946530692978 0 2740.95811972941282874672
0 3645.27507924946530692978 1828.18039393909225509560
0 0 1
-0.26900879643174169242 0.11320751886913975326 -0.03404650269839963606
0.00050770898889723293 0.00010892524490220849
-207.06295513163416899260 -2459.51566684427598374896 11.89609334364699222419
-0.99542064093012394554 0.09389833950648852900 0.01791227088299065032
0.09371588383330632654 0.99554073845773938256 -0.01076899198445363699
-0.01884358584780645995 -0.00904101260607513904 -0.99978156582498212135
100_0154_0015.JPG 5472 3648
3645.27507924946530692978 0 2740.95811972941282874672
0 3645.27507924946530692978 1828.18039393909225509560
0 0 1
-0.26900879643174169242 0.11320751886913975326 -0.03404650269839963606
0.00050770898889723293 0.00010892524490220849
-209.83120000532210269739 -2483.57059260439700665302 11.92535673993685030325
-0.99563287245450182716 0.09163036088107313903 0.01786225777448062491
0.09147027050927512837 0.99576168526893416022 -0.00958414124124387819
-0.01866475022489530108 -0.00790842052349115081 -0.99979452088109876939
100_0154_0016.JPG 5472 3648
3645.27507924946530692978 0 2740.95811972941282874672
0 3645.27507924946530692978 1828.18039393909225509560
0 0 1
-0.26900879643174169242 0.11320751886913975326 -0.03404650269839963606
0.00050770898889723293 0.00010892524490220849
-212.61989194663462399149 -2507.26891453167354484322 11.92259844867661833234
-0.99536630258605229837 0.09456644395558376492 0.01741009344509070536
0.09441346914991276262 0.99548859694940017295 -0.00941011088101727233
-0.01822143021965684506 -0.00772275995418777051 -0.99980415005111877846
100_0154_0017.JPG 5472 3648
3645.27507924946530692978 0 2740.95811972941282874672
0 3645.27507924946530692978 1828.18039393909225509560
0 0 1
-0.26900879643174169242 0.11320751886913975326 -0.03404650269839963606
0.00050770898889723293 0.00010892524490220849
-215.38084345795110152721 -2531.31644449486839221208 11.95349046900918033032
-0.99556869274611969889 0.09235444454965537064 0.01770973166671794413
0.09220726086637960617 0.99569955421250011529 -0.00895649398748551116
-0.01846074395310060706 -0.00728383916304278616 -0.99980305391599244569
100_0154_0018.JPG 5472 3648
3645.27507924946530692978 0 2740.95811972941282874672
0 3645.27507924946530692978 1828.18039393909225509560
0 0 1
-0.26900879643174169242 0.11320751886913975326 -0.03404650269839963606
0.00050770898889723293 0.00010892524490220849
-218.11421701567002173761 -2555.02672897413140162826 11.95163281430390789239
-0.99553336450506313415 0.09271558772030517870 0.01780842359411701631
0.09258235754200490331 0.99567153388016116367 -0.00816723286625292526
-0.01848857023118537224 -0.00648200697358708791 -0.99980805975767217397
100_0154_0019.JPG 5472 3648
3645.27507924946530692978 0 2740.95811972941282874672
0 3645.27507924946530692978 1828.18039393909225509560
0 0 1
-0.26900879643174169242 0.11320751886913975326 -0.03404650269839963606
0.00050770898889723293 0.00010892524490220849
-220.80334374199955504992 -2579.13387892784248833777 11.89695466459244599378
-0.99601210835725628723 0.08744040916170464639 0.01772159279994098974
0.08730654554377655086 0.99614780040168693365 -0.00819309832073218149
-0.01836973355674248465 -0.00661321408351444456 -0.99980939097837029372
100_0154_0020.JPG 5472 3648
3645.27507924946530692978 0 2740.95811972941282874672
0 3645.27507924946530692978 1828.18039393909225509560
0 0 1
-0.26900879643174169242 0.11320751886913975326 -0.03404650269839963606
0.00050770898889723293 0.00010892524490220849
-223.70235072720461744211 -2603.13965479207445241627 11.96978555330212401486
-0.99582927865131865008 0.08950761375302188072 0.01767582702546992290
0.08939549234637891861 0.99597135394584779267 -0.00703619694320259045
-0.01823441057295225806 -0.00542671166682673518 -0.99981901215747159828
100_0154_0021.JPG 5472 3648
3645.27507924946530692978 0 2740.95811972941282874672
0 3645.27507924946530692978 1828.18039393909225509560
0 0 1
-0.26900879643174169242 0.11320751886913975326 -0.03404650269839963606
0.00050770898889723293 0.00010892524490220849
-226.34822139012555908266 -2626.88557826681744700181 11.95294775380857110747
-0.99601931846225355560 0.08738172535753961634 0.01760543448845607040
0.08730798298676675784 0.99616923697177062191 -0.00491603680445108424
-0.01796756401881587778 -0.00335937265271196500 -0.99983292667255652120
100_0154_0022.JPG 5472 3648
3645.27507924946530692978 0 2740.95811972941282874672
0 3645.27507924946530692978 1828.18039393909225509560
0 0 1
-0.26900879643174169242 0.11320751886913975326 -0.03404650269839963606
0.00050770898889723293 0.00010892524490220849
-229.12585735231152739289 -2650.90841149702873735805 11.96502063509626978544
-0.99454682373927705274 0.10280580874384334655 0.01753798958375088479
0.10275889643134919482 0.99469993024770098078 -0.00355780401794790957
-0.01781079993505914338 -0.00173621823028619255 -0.99983986765478116698
100_0154_0023.JPG 5472 3648
3645.27507924946530692978 0 2740.95811972941282874672
0 3645.27507924946530692978 1828.18039393909225509560
0 0 1
-0.26900879643174169242 0.11320751886913975326 -0.03404650269839963606
0.00050770898889723293 0.00010892524490220849
-232.01053303049104670208 -2674.27829964184547861805 11.87466520427861027542
-0.99582456775410788108 0.08948918414220644046 0.01803097831251385466
0.08945774917817297944 0.99598736872537363407 -0.00254410131120159618
-0.01818629619573949863 -0.00092046785323204763 -0.99983419193864930818
100_0154_0024.JPG 5472 3648
3645.27507924946530692978 0 2740.95811972941282874672
0 3645.27507924946530692978 1828.18039393909225509560
0 0 1
-0.26900879643174169242 0.11320751886913975326 -0.03404650269839963606
0.00050770898889723293 0.00010892524490220849
-234.78431921768861911914 -2698.69576758821540352073 11.96473203324935674630
-0.99655213021329613898 0.08086764653017755600 0.01855466281050919750
0.08085018245770736467 0.99672483145219337164 -0.00169066943900835951
-0.01863061362105015994 -0.00018469235725939327 -0.99982641799706228891
100_0154_0025.JPG 5472 3648
3645.27507924946530692978 0 2740.95811972941282874672
0 3645.27507924946530692978 1828.18039393909225509560
0 0 1
-0.26900879643174169242 0.11320751886913975326 -0.03404650269839963606
0.00050770898889723293 0.00010892524490220849
-237.56233605889818250034 -2722.33392939954001121805 11.89077741324595294259
-0.99630072273075231948 0.08390519439923151135 0.01856847433172030201
0.08390581597811114234 0.99647340962241970352 -0.00074696754729310707
-0.01856566538608125580 0.00081379868304706402 -0.99982731198966334762
100_0154_0026.JPG 5472 3648
3645.27507924946530692978 0 2740.95811972941282874672
0 3645.27507924946530692978 1828.18039393909225509560
0 0 1
-0.26900879643174169242 0.11320751886913975326 -0.03404650269839963606
0.00050770898889723293 0.00010892524490220849
-240.41476656583972726366 -2745.99225106845324262395 11.81824683403235987100
-0.99636862790279201452 0.08326450893072472048 0.01779266375877354769
0.08325534765483269539 0.99652745513191409721 -0.00125628626669452401
-0.01783548199462117387 0.00022961018314268970 -0.99984090877558273736
100_0154_0027.JPG 5472 3648
3645.27507924946530692978 0 2740.95811972941282874672
0 3645.27507924946530692978 1828.18039393909225509560
0 0 1
-0.26900879643174169242 0.11320751886913975326 -0.03404650269839963606
0.00050770898889723293 0.00010892524490220849
-243.17582943174804199771 -2769.79581018989074436831 11.90309246456648040180
-0.99648863233909501513 0.08179159802497346088 0.01790363403002594167
0.08178400003088727444 0.99664940566959159263 -0.00115737521901092288
-0.01793830978402863666 0.00031091955696928102 -0.99983904723266403547
100_0154_0028.JPG 5472 3648
3645.27507924946530692978 0 2740.95811972941282874672
0 3645.27507924946530692978 1828.18039393909225509560
0 0 1
-0.26900879643174169242 0.11320751886913975326 -0.03404650269839963606
0.00050770898889723293 0.00010892524490220849
-246.02601189302004058845 -2793.78831474546404933790 11.92705300442484706025
-0.99680624926064143043 0.07800171261207385076 0.01711824361654834190
0.07800664850691338414 0.99695276629966333992 -0.00038020542846563070
-0.01709573700227414936 0.00095634566575444001 -0.99985339984385546153
100_0154_0029.JPG 5472 3648
3645.27507924946530692978 0 2740.95811972941282874672
0 3645.27507924946530692978 1828.18039393909225509560
0 0 1
-0.26900879643174169242 0.11320751886913975326 -0.03404650269839963606
0.00050770898889723293 0.00010892524490220849
-248.85422588088135853468 -2817.46234864455846036435 11.86503497227351822119
-0.99706538209187289823 0.07468682305800339316 0.01680780460053991551
0.07469921919763039542 0.99720610434389245214 0.00011004790933165029
-0.01675262621954560702 0.00136525484085284546 -0.99985873281877568619
100_0154_0030.JPG 5472 3648
3645.27507924946530692978 0 2740.95811972941282874672
0 3645.27507924946530692978 1828.18039393909225509560
0 0 1
-0.26900879643174169242 0.11320751886913975326 -0.03404650269839963606
0.00050770898889723293 0.00010892524490220849
-251.66846370981798486355 -2841.54343463954501203261 11.84415975260541920022
-0.99761390527645288362 0.06698065520603814493 0.01673582466549949216
0.06699829781996527456 0.99775296689865222710 0.00049511025454839082
-0.01666505590424888217 0.00161520063978429478 -0.99985982369460246755
100_0154_0031.JPG 5472 3648
3645.27507924946530692978 0 2740.95811972941282874672
0 3645.27507924946530692978 1828.18039393909225509560
0 0 1
-0.26900879643174169242 0.11320751886913975326 -0.03404650269839963606
0.00050770898889723293 0.00010892524490220849
-254.44538086295324319508 -2865.38979085798109736061 11.87929675118911809761
-0.99777484059341692291 0.06475370195976118404 0.01588475877335602388
0.06479115537017787751 0.99789712321732704225 0.00185409287260119887
-0.01573129570565503718 0.00287915909410735825 -0.99987211021126698451
100_0154_0032.JPG 5472 3648
3645.27507924946530692978 0 2740.95811972941282874672
0 3645.27507924946530692978 1828.18039393909225509560
0 0 1
-0.26900879643174169242 0.11320751886913975326 -0.03404650269839963606
0.00050770898889723293 0.00010892524490220849
-257.19956215534529064826 -2889.26962230600793191115 11.90945354710788173236
-0.99780579544870628972 0.06434217981417397758 0.01561020389793534198
0.06439752846706971179 0.99791960642410237892 0.00306878505233385088
-0.01538027621037931295 0.00406731006009913073 -0.99987344403807798532
100_0154_0033.JPG 5472 3648
3645.27507924946530692978 0 2740.95811972941282874672
0 3645.27507924946530692978 1828.18039393909225509560
0 0 1
-0.26900879643174169242 0.11320751886913975326 -0.03404650269839963606
0.00050770898889723293 0.00010892524490220849
-259.99157947150905556555 -2913.32271055874480225611 11.85467989416359202437
-0.99803493029807355263 0.06075276268450216510 0.01534209018093361625
0.06081060586088975206 0.99814376164960016968 0.00333186056394090989
-0.01511119187062552084 0.00425827502477064707 -0.99987675189198310655
100_0154_0034.JPG 5472 3648
3645.27507924946530692978 0 2740.95811972941282874672
0 3645.27507924946530692978 1828.18039393909225509560
0 0 1
-0.26900879643174169242 0.11320751886913975326 -0.03404650269839963606
0.00050770898889723293 0.00010892524490220849
-262.75580372568924758525 -2937.12580371369085696642 11.85313976801449875609
-0.99824679765626400663 0.05733286926296767699 0.01470622558949595191
0.05740586086335987964 0.99834037324422197912 0.00458980273258842875
-0.01441867218402081118 0.00542597941969615635 -0.99988132327781109598
100_0154_0035.JPG 5472 3648
3645.27507924946530692978 0 2740.95811972941282874672
0 3645.27507924946530692978 1828.18039393909225509560
0 0 1
-0.26900879643174169242 0.11320751886913975326 -0.03404650269839963606
0.00050770898889723293 0.00010892524490220849
-265.55345170532933707364 -2961.18220721326315469923 11.80100318142958037981
-0.99828908982811981332 0.05653340261293452601 0.01492874807704781814
0.05661751797770507577 0.99838201761190648043 0.00527290880094880791
-0.01460649814939754369 0.00610911599028275340 -0.99987465660133068024
100_0154_0036.JPG 5472 3648
3645.27507924946530692978 0 2740.95811972941282874672
0 3645.27507924946530692978 1828.18039393909225509560
0 0 1
-0.26900879643174169242 0.11320751886913975326 -0.03404650269839963606
0.00050770898889723293 0.00010892524490220849
-268.35448866176250248827 -2984.95763422124991848250 11.92324402366021196542
-0.99853441951961841028 0.05213217080869188280 0.01453443502142450806
0.05221924175008495900 0.99861951015758532169 0.00567668245285311759
-0.01421843260225335269 0.00642733999394155906 -0.99987825532658602956
100_0154_0037.JPG 5472 3648
3645.27507924946530692978 0 2740.95811972941282874672
0 3645.27507924946530692978 1828.18039393909225509560
0 0 1
-0.26900879643174169242 0.11320751886913975326 -0.03404650269839963606
0.00050770898889723293 0.00010892524490220849
-271.23031370580901011635 -3008.93106035509845241904 11.90625296350630613063
-0.99857954356827738351 0.05125453611599524451 0.01455567568012393169
0.05133502306323431408 0.99866789513362053121 0.00521062726369816379
-0.01426921771044279037 0.00595044174142825549 -0.99988048369243309743
100_0154_0038.JPG 5472 3648
3645.27507924946530692978 0 2740.95811972941282874672
0 3645.27507924946530692978 1828.18039393909225509560
0 0 1
-0.26900879643174169242 0.11320751886913975326 -0.03404650269839963606
0.00050770898889723293 0.00010892524490220849
-273.93822953897915795096 -3032.62331605611643681186 11.90558286184310077260
-0.99895683146519775875 0.04351838592800025274 0.01383470112558201834
0.04360327570062606101 0.99903153496639263142 0.00589461541313013749
-0.01356477855284574617 0.00649170462322091416 -0.99988692088350528131
100_0154_0039.JPG 5472 3648
3645.27507924946530692978 0 2740.95811972941282874672
0 3645.27507924946530692978 1828.18039393909225509560
0 0 1
-0.26900879643174169242 0.11320751886913975326 -0.03404650269839963606
0.00050770898889723293 0.00010892524490220849
-276.82323038184676988749 -3056.46301571180356404511 11.89268126878564402205
-0.99920300580585830197 0.03750948106217287525 0.01365254624546001147
0.03759379030402565380 0.99927525894543611784 0.00597191678680036690
-0.01341864818507723656 0.00648040816446122502 -0.99988896593117138067
100_0154_0040.JPG 5472 3648
3645.27507924946530692978 0 2740.95811972941282874672
0 3645.27507924946530692978 1828.18039393909225509560
0 0 1
-0.26900879643174169242 0.11320751886913975326 -0.03404650269839963606
0.00050770898889723293 0.00010892524490220849
-279.58949342376814684030 -3080.36341515326466833358 11.90503295258170801674
-0.99951479350849803396 0.02835619726096419435 0.01288811990019354814
0.02843961969632896949 0.99957542975787372352 0.00633626513731573755
-0.01270297560387547396 0.00669972396890142815 -0.99989686873674521461
100_0154_0041.JPG 5472 3648
3645.27507924946530692978 0 2740.95811972941282874672
0 3645.27507924946530692978 1828.18039393909225509560
0 0 1
-0.26900879643174169242 0.11320751886913975326 -0.03404650269839963606
0.00050770898889723293 0.00010892524490220849
-282.46491457000797709043 -3104.41631392970748493099 11.87763457753714568810
-0.99946547408754438102 0.03041830180923717208 0.01197885729117204208
0.03050711686663955258 0.99950787215963166066 0.00730269206599300485
-0.01175082667071995768 0.00766422898716363071 -0.99990158399043804760
100_0154_0042.JPG 5472 3648
3645.27507924946530692978 0 2740.95811972941282874672
0 3645.27507924946530692978 1828.18039393909225509560
0 0 1
-0.26900879643174169242 0.11320751886913975326 -0.03404650269839963606
0.00050770898889723293 0.00010892524490220849
-285.07557386953936884311 -3128.29523415991388901602 11.87183926221737806372
-0.99958712819821604612 0.02630809891286593760 0.01155236218416704104
0.02639623907713890827 0.99962308789198661696 0.00754458188848997763
-0.01134952435240506145 0.00784640585749094184 -0.99990480657515279361
100_0154_0043.JPG 5472 3648
3645.27507924946530692978 0 2740.95811972941282874672
0 3645.27507924946530692978 1828.18039393909225509560
0 0 1
-0.26900879643174169242 0.11320751886913975326 -0.03404650269839963606
0.00050770898889723293 0.00010892524490220849
-287.81825850310281111888 -3152.26707347463297992363 11.87137143502043379328
-0.99965459731364669782 0.02369162055822511201 0.01137511252762411253
0.02378361850003935657 0.99968494670456686801 0.00802164717074710376
-0.01118148293991506198 0.00828941780901737944 -0.99990312530347258413
100_0154_0044.JPG 5472 3648
3645.27507924946530692978 0 2740.95811972941282874672
0 3645.27507924946530692978 1828.18039393909225509560
0 0 1
-0.26900879643174169242 0.11320751886913975326 -0.03404650269839963606
0.00050770898889723293 0.00010892524490220849
-290.57321450198446655122 -3176.21079840627135126851 11.97339440244175179373
-0.99970592797539192809 0.02151015881231069585 0.01119690308655758339
0.02160216585957451876 0.99973332744201870437 0.00816213402760949253
-0.01101834838058877823 0.00840161112992026879 -0.99990399985667899330
100_0154_0045.JPG 5472 3648
3645.27507924946530692978 0 2740.95811972941282874672
0 3645.27507924946530692978 1828.18039393909225509560
0 0 1
-0.26900879643174169242 0.11320751886913975326 -0.03404650269839963606
0.00050770898889723293 0.00010892524490220849
-293.61462876279006195546 -3199.85926032387988016126 11.82589651264953367615
-0.99968835924228149903 0.02248645722733975255 0.01084175432474324477
0.02258255346667806945 0.99970603854396555832 0.00882410208779693499
-0.01064014447268905005 0.00906618663464721364 -0.99990229101923044919
100_0154_0046.JPG 5472 3648
3645.27507924946530692978 0 2740.95811972941282874672
0 3645.27507924946530692978 1828.18039393909225509560
0 0 1
-0.26900879643174169242 0.11320751886913975326 -0.03404650269839963606
0.00050770898889723293 0.00010892524490220849
-296.36532286435459582208 -3223.31805974125791180995 11.83186367468368338507
-0.99982311550221525387 0.01529786078406017262 0.01094135105348450696
0.01540869190241220613 0.99983008441837073477 0.01011802875120319974
-0.01078470775221142090 0.01028483093614824748 -0.99988894999960575838
100_0154_0047.JPG 5472 3648
3645.27507924946530692978 0 2740.95811972941282874672
0 3645.27507924946530692978 1828.18039393909225509560
0 0 1
-0.26900879643174169242 0.11320751886913975326 -0.03404650269839963606
0.00050770898889723293 0.00010892524490220849
-299.03388971126355500019 -3247.78819081162555448827 11.91986193441807628801
-0.99988291550768815252 0.00983258162199634848 0.01172499955190429294
0.00995458099672926269 0.99989644577296510342 0.01039249959208461867
-0.01162160027814297669 0.01050800024927207518 -0.99987725263541038512
100_0154_0048.JPG 5472 3648
3645.27507924946530692978 0 2740.95811972941282874672
0 3645.27507924946530692978 1828.18039393909225509560
0 0 1
-0.26900879643174169242 0.11320751886913975326 -0.03404650269839963606
0.00050770898889723293 0.00010892524490220849
-301.71351379279008142476 -3271.68213567177099321270 11.92429964246972673436
-0.99987479578604254726 0.00986662255567118292 0.01237103516945221339
0.01000113649071681862 0.99989102383823724729 0.01085899243096747659
-0.01226254544187116956 0.01098135725061693407 -0.99986451070743609382
100_0154_0049.JPG 5472 3648
3645.27507924946530692978 0 2740.95811972941282874672
0 3645.27507924946530692978 1828.18039393909225509560
0 0 1
-0.26900879643174169242 0.11320751886913975326 -0.03404650269839963606
0.00050770898889723293 0.00010892524490220849
-304.45580864601549819781 -3295.49388416106103250058 11.93625354053083142958
-0.99984821895127229396 0.01215396657614659266 0.01248279441609270388
0.01230355971406692575 0.99985256535090982766 0.01197789545650928406
-0.01233537507864731000 0.01212966024547216214 -0.99985034373350023529
100_0154_0050.JPG 5472 3648
3645.27507924946530692978 0 2740.95811972941282874672
0 3645.27507924946530692978 1828.18039393909225509560
0 0 1
-0.26900879643174169242 0.11320751886913975326 -0.03404650269839963606
0.00050770898889723293 0.00010892524490220849
-307.36132002329230772375 -3319.21142798976143239997 11.86306913377611493843
-0.99987798605678412933 0.00854817390317000152 0.01307446832382396645
0.00870747191919030682 0.99988795749090675358 0.01217589411251244515
-0.01296892176728756466 0.01228825404944764062 -0.99984039020266135545
100_0154_0051.JPG 5472 3648
3645.27507924946530692978 0 2740.95811972941282874672
0 3645.27507924946530692978 1828.18039393909225509560
0 0 1
-0.26900879643174169242 0.11320751886913975326 -0.03404650269839963606
0.00050770898889723293 0.00010892524490220849
-310.28321796932937104430 -3343.28123237192767192028 11.90775149711463321012
-0.99939034933360249013 0.03201786943793752394 0.01392069306878118175
0.03218868217072400756 0.99940704902704668999 0.01222452842289840393
-0.01352103542529714715 0.01266516449578618600 -0.99982837287672654547
100_0154_0052.JPG 5472 3648
3645.27507924946530692978 0 2740.95811972941282874672
0 3645.27507924946530692978 1828.18039393909225509560
0 0 1
-0.26900879643174169242 0.11320751886913975326 -0.03404650269839963606
0.00050770898889723293 0.00010892524490220849
-312.84113988640865500201 -3363.31764138910011752159 11.87794602009491029548
-0.99889119617613919555 0.04522721787750671324 0.01307199161804802577
0.04540326185149045485 0.99887752173435151448 0.01349964396141920507
-0.01244676725285615189 0.01407818656292874650 -0.99982342573479066061
100_0154_0053.JPG 5472 3648
3645.27507924946530692978 0 2740.95811972941282874672
0 3645.27507924946530692978 1828.18039393909225509560
0 0 1
-0.26900879643174169242 0.11320751886913975326 -0.03404650269839963606
0.00050770898889723293 0.00010892524490220849
-311.88267564187310654233 -3371.22097384585413237801 11.83582282774662530755
-0.73820720098030534473 -0.67451190497952573377 0.00915524230779317556
-0.67438322940790806914 0.73825320421421591899 0.01376467801309217386
-0.01604332615712645779 0.00398704255489845324 -0.99986334825189060460
100_0154_0054.JPG 5472 3648
3645.27507924946530692978 0 2740.95811972941282874672
0 3645.27507924946530692978 1828.18039393909225509560
0 0 1
-0.26900879643174169242 0.11320751886913975326 -0.03404650269839963606
0.00050770898889723293 0.00010892524490220849
-297.07737708906910256701 -3371.59186017398542389856 11.75727874649388837724
-0.16090414411782524851 -0.98692659813310890105 0.00925992997376700981
-0.98683007601410532850 0.16103224522098960603 0.01533026656918281411
-0.01662099514786216300 -0.00667127397848532068 -0.99983960544869321385
100_0154_0055.JPG 5472 3648
3645.27507924946530692978 0 2740.95811972941282874672
0 3645.27507924946530692978 1828.18039393909225509560
0 0 1
-0.26900879643174169242 0.11320751886913975326 -0.03404650269839963606
0.00050770898889723293 0.00010892524490220849
-278.33292567184287236159 -3375.03271231559210718842 12.07495837837474539356
-0.14529241869242692786 -0.98931934669109367064 0.01171935720132422955
-0.98918108248483771483 0.14549441258695985923 0.01876597879409145145
-0.02027064687249289718 -0.00886601199430803871 -0.99975521739408168553
100_0154_0056.JPG 5472 3648
3645.27507924946530692978 0 2740.95811972941282874672
0 3645.27507924946530692978 1828.18039393909225509560
0 0 1
-0.26900879643174169242 0.11320751886913975326 -0.03404650269839963606
0.00050770898889723293 0.00010892524490220849
-275.66957929607116284387 -3368.64629051860993058654 11.84525712002797703803
0.95082160239135515845 -0.30949065291321553595 0.01240226532885660080
-0.30957573609710553608 -0.95085824870613222526 0.00560843003365169186
0.01005703961765242078 -0.00917205684994889560 -0.99990736037258487467
100_0154_0057.JPG 5472 3648
3645.27507924946530692978 0 2740.95811972941282874672
0 3645.27507924946530692978 1828.18039393909225509560
0 0 1
-0.26900879643174169242 0.11320751886913975326 -0.03404650269839963606
0.00050770898889723293 0.00010892524490220849
-273.18763994811644124638 -3348.93310795938350565848 11.79764854841963561682
0.98261423487134347265 -0.18485850104762466262 0.01722207939331130838
-0.18501846545959410584 -0.98270085769690340705 0.00819705561451088138
0.01540885677722869142 -0.01124094623222421548 -0.99981808758424806083
100_0154_0058.JPG 5472 3648
3645.27507924946530692978 0 2740.95811972941282874672
0 3645.27507924946530692978 1828.18039393909225509560
0 0 1
-0.26900879643174169242 0.11320751886913975326 -0.03404650269839963606
0.00050770898889723293 0.00010892524490220849
-270.42271576687664946803 -3325.18546729099625736126 11.90219526358581170200
0.98499560198285374124 -0.17169986592912062084 0.01740172733833605934
-0.17190424624139999388 -0.98505212568142996865 0.01101089527115995358
0.01525103926333883607 -0.01383711423738137776 -0.99978794755236455316
100_0154_0059.JPG 5472 3648
3645.27507924946530692978 0 2740.95811972941282874672
0 3645.27507924946530692978 1828.18039393909225509560
0 0 1
-0.26900879643174169242 0.11320751886913975326 -0.03404650269839963606
0.00050770898889723293 0.00010892524490220849
-267.67441263884262525607 -3301.45373139623461611336 11.87902120144831208393
0.98546472148837860328 -0.16894720061607998440 0.01777993548419968400
-0.16917411333734430623 -0.98551150586968339073 0.01213223701518064378
0.01547262351237389463 -0.01496379639193065950 -0.99976831452051184712
100_0154_0060.JPG 5472 3648
3645.27507924946530692978 0 2740.95811972941282874672
0 3645.27507924946530692978 1828.18039393909225509560
0 0 1
-0.26900879643174169242 0.11320751886913975326 -0.03404650269839963606
0.00050770898889723293 0.00010892524490220849
-264.90346167048841152791 -3277.33541626645001088036 11.83551108775810511986
0.98350908927336566645 -0.18000136233414762432 0.01758922609229292625
-0.18023053094580940292 -0.98354574264886540647 0.01243896427696037851
0.01506077792368438334 -0.01540394998507706864 -0.99976791871573400527
100_0154_0061.JPG 5472 3648
3645.27507924946530692978 0 2740.95811972941282874672
0 3645.27507924946530692978 1828.18039393909225509560
0 0 1
-0.26900879643174169242 0.11320751886913975326 -0.03404650269839963606
0.00050770898889723293 0.00010892524490220849
-262.11799304208193461818 -3253.70188535108582073008 11.89048605019303828101
0.98113913246652217914 -0.19248336251437811462 0.01778082950817005264
-0.19271175671334961343 -0.98118006686152925422 0.01215957310351962507
0.01510567996797489675 -0.01535680789629051760 -0.99976796652220345507
100_0154_0062.JPG 5472 3648
3645.27507924946530692978 0 2740.95811972941282874672
0 3645.27507924946530692978 1828.18039393909225509560
0 0 1
-0.26900879643174169242 0.11320751886913975326 -0.03404650269839963606
0.00050770898889723293 0.00010892524490220849
-259.31651463822674941184 -3229.50493472320977161871 11.89859871678428504538
0.97949848780936887849 -0.20067745135000536472 0.01764292772829791078
-0.20090688818752824862 -0.97953247429471079766 0.01235127851219028176
0.01480319755876198518 -0.01564264433361252371 -0.99976805961197234840
100_0154_0063.JPG 5472 3648
3645.27507924946530692978 0 2740.95811972941282874672
0 3645.27507924946530692978 1828.18039393909225509560
0 0 1
-0.26900879643174169242 0.11320751886913975326 -0.03404650269839963606
0.00050770898889723293 0.00010892524490220849
-256.58884402421494996815 -3205.63689563702200757689 11.92050609755261625367
0.97923124260816363229 -0.20197587823194110279 0.01766120359737293963
-0.20220098454390394993 -0.97927007064139193204 0.01203705094609881267
0.01486389415825047772 -0.01535816911090526031 -0.99977156955577262121
100_0154_0064.JPG 5472 3648
3645.27507924946530692978 0 2740.95811972941282874672
0 3645.27507924946530692978 1828.18039393909225509560
0 0 1
-0.26900879643174169242 0.11320751886913975326 -0.03404650269839963606
0.00050770898889723293 0.00010892524490220849
-253.76831327686608119620 -3181.81971552492905175313 11.92411865238085511010
0.97826974171067537789 -0.20654775474679154534 0.01806481282460232346
-0.20678380221999523303 -0.97830890137725923239 0.01233501623274081693
0.01512519728038467896 -0.01580248382626414649 -0.99976072633013046698
100_0154_0065.JPG 5472 3648
3645.27507924946530692978 0 2740.95811972941282874672
0 3645.27507924946530692978 1828.18039393909225509560
0 0 1
-0.26900879643174169242 0.11320751886913975326 -0.03404650269839963606
0.00050770898889723293 0.00010892524490220849
-250.90752675156477380369 -3157.77985005797336270916 11.89905671849912316418
0.97658761383507686205 -0.21431367029496870003 0.01860868691257687793
-0.21457422899079131584 -0.97661657090423004135 0.01334067795392959027
0.01531446234506143173 -0.01702128549676752700 -0.99973783717688669004
100_0154_0066.JPG 5472 3648
3645.27507924946530692978 0 2740.95811972941282874672
0 3645.27507924946530692978 1828.18039393909225509560
0 0 1
-0.26900879643174169242 0.11320751886913975326 -0.03404650269839963606
0.00050770898889723293 0.00010892524490220849
-248.14241003357517456607 -3133.86892317091815129970 11.89717525216944515876
0.97668755763286019267 -0.21381408259050621590 0.01910373919259178779
-0.21408481826363451317 -0.97672246080680891200 0.01345084177730163089
0.01578307176011593121 -0.01722709033678065244 -0.99972702374415367554
100_0154_0067.JPG 5472 3648
3645.27507924946530692978 0 2740.95811972941282874672
0 3645.27507924946530692978 1828.18039393909225509560
0 0 1
-0.26900879643174169242 0.11320751886913975326 -0.03404650269839963606
0.00050770898889723293 0.00010892524490220849
-245.45420523096370857274 -3110.12311752654841257026 11.81680044232894033485
0.98519563357028094863 -0.17033620590585230037 0.01936854541910089031
-0.17062032368842774965 -0.98523600458489057896 0.01409682283557181157
0.01668138898619766358 -0.01719279579360018587 -0.99971302834077868660
100_0154_0068.JPG 5472 3648
3645.27507924946530692978 0 2740.95811972941282874672
0 3645.27507924946530692978 1828.18039393909225509560
0 0 1
-0.26900879643174169242 0.11320751886913975326 -0.03404650269839963606
0.00050770898889723293 0.00010892524490220849
-242.64061846366922736706 -3086.23141089019054561504 11.85052141429263627970
0.98855299425692055859 -0.14963445919149484520 0.01930041885933443668
-0.14994032373128093893 -0.98857342053390795389 0.01550778943781730077
0.01675938140372602164 -0.01822418273497806301 -0.99969345416412858096
100_0154_0069.JPG 5472 3648
3645.27507924946530692978 0 2740.95811972941282874672
0 3645.27507924946530692978 1828.18039393909225509560
0 0 1
-0.26900879643174169242 0.11320751886913975326 -0.03404650269839963606
0.00050770898889723293 0.00010892524490220849
-239.78555731993944277747 -3062.14593750218455170398 11.90550983319846167774
0.98828388604769890069 -0.15147849540059690754 0.01868758972232485022
-0.15176737974432949474 -0.98830019885874409447 0.01514527587425646034
0.01617476503690494158 -0.01780399862216894280 -0.99971065544439541295
100_0154_0070.JPG 5472 3648
3645.27507924946530692978 0 2740.95811972941282874672
0 3645.27507924946530692978 1828.18039393909225509560
0 0 1
-0.26900879643174169242 0.11320751886913975326 -0.03404650269839963606
0.00050770898889723293 0.00010892524490220849
-237.02602468421011394639 -3038.39072272187058842974 11.90189585364673341417
0.98850826960896187590 -0.15001882810402419888 0.01859441123002199964
-0.15030170538535952973 -0.98852823337095085954 0.01487713637631555771
0.01614924991906801013 -0.01750094405459722002 -0.99971641913307052185
100_0154_0071.JPG 5472 3648
3645.27507924946530692978 0 2740.95811972941282874672
0 3645.27507924946530692978 1828.18039393909225509560
0 0 1
-0.26900879643174169242 0.11320751886913975326 -0.03404650269839963606
0.00050770898889723293 0.00010892524490220849
-234.27731234276683380813 -3014.51009173982720312779 11.86677404729032936359
0.98826975910439562867 -0.15155753040635155937 0.01879356849743493013
-0.15185382924702917062 -0.98828165305315007760 0.01548511483804083412
0.01622645317850037947 -0.01815734605224634743 -0.99970346253355790722
100_0154_0072.JPG 5472 3648
3645.27507924946530692978 0 2740.95811972941282874672
0 3645.27507924946530692978 1828.18039393909225509560
0 0 1
-0.26900879643174169242 0.11320751886913975326 -0.03404650269839963606
0.00050770898889723293 0.00010892524490220849
-231.44310463063621341462 -2990.45223767572315409780 11.87186998699760742682
0.98863538674317186228 -0.14913106515685634057 0.01897359966797195624
-0.14944321023495152345 -0.98863670078920606876 0.01625425382187505735
0.01633398279205284034 -0.01890500615750566327 -0.99968785215602862237
100_0154_0073.JPG 5472 3648
3645.27507924946530692978 0 2740.95811972941282874672
0 3645.27507924946530692978 1828.18039393909225509560
0 0 1
-0.26900879643174169242 0.11320751886913975326 -0.03404650269839963606
0.00050770898889723293 0.00010892524490220849
-228.62281181858995182665 -2966.77380522242947336053 11.87520411983852852700
0.98890875909911757358 -0.14742303914534549136 0.01805308024115351295
